
TUNNEL_CONT
	DB	4,1,8,5,2,4,1,1,3,5,5,2,2,2,2,6
	DB	6,4,1,1,3,4,1,1,3,5,2,2,6,7,1,3
	DB	255,0,0,0,0,0,0,0,0,0,0,0,0,0,0,0
	DB	0,0,0,0,0,0,0,0,0,0,0,0,0,0,0,0

TUNNEL_TAB_X
	DB	76,77,102,75,75,85,86,98,99,84,100,84,100,75,84,75
	DB	84,76,77,82,83,85,86,90,91,92,92,92,92,67,90,91
	DB	255,0,0,0,0,0,0,0,0,0,0,0,0,0,0,0
	DB	0,0,0,0,0,0,0,0,0,0,0,0,0,0,0,0

TUNNEL_TAB_Y
	DB	13,13,13,15,16,19,19,19,19,21,21,22,22,27,27,28
	DB	28,29,29,29,29,29,29,29,29,31,32,35,36,37,37,37
	DB	255,0,0,0,0,0,0,0,0,0,0,0,0,0,0,0
	DB	0,0,0,0,0,0,0,0,0,0,0,0,0,0,0,0
