
TUNNEL_CONT
	DB	4,1,1,3,5,5,2,2,6,6,4,1,1,3,4,1
	DB	1,3,5,5,2,2,6,6,4,1,1,3,4,1,1,3
	DB	5,5,5,2,2,2,2,6,7,1,3,2,6,4,1,8
	DB	255,0,0,0,0,0,0,0,0,0,0,0,0,0,0,0

TUNNEL_TAB_X
	DB	71,72,88,89,70,90,70,90,70,90,71,72,82,83,85,86
	DB	88,89,70,84,70,84,70,84,71,72,75,76,85,86,88,89
	DB	77,84,90,77,84,90,77,77,65,75,76,84,84,85,86,92
	DB	255,0,0,0,0,0,0,0,0,0,0,0,0,0,0,0

TUNNEL_TAB_Y
	DB	21,21,21,21,23,23,24,24,25,25,26,26,26,26,26,26
	DB	26,26,28,28,29,29,30,30,31,31,31,31,31,31,31,31
	DB	33,33,33,34,34,34,37,38,39,39,39,41,42,43,43,43
	DB	255,0,0,0,0,0,0,0,0,0,0,0,0,0,0,0
