
TUNNEL_CONT
        DB      4,1,1,3,4,1,7,5,5,2,2,2,6,4,1,1
        DB      3,2,5,5,6,2,2,4,1,7,5,2,2,2,2,6
        DB      6,6,4,1,1,3,4,1,1,3,4,1,7,8,7,255
        DB      0,0,0,0,0,0,0,0,0,0,0,0,0,0,0,0

TUNNEL_TAB_X
        DB      10,11,14,15,17,18,24,9,16,9,16,9,9,3,4,7
        DB      8,16,2,9,16,2,9,17,18,28,16,16,2,9,16,2
        DB      9,16,3,4,7,8,10,11,14,15,17,18,28,0,36,255
        DB      0,0,0,0,0,0,0,0,0,0,0,0,0,0,0,0

TUNNEL_TAB_Y
        DB      3,3,3,3,3,3,3,5,5,6,6,18,19,20,20,20
        DB      20,21,22,22,22,23,23,23,23,23,25,26,27,27,27,28
        DB      28,28,29,29,29,29,29,29,29,29,29,29,29,42,42,255
        DB      0,0,0,0,0,0,0,0,0,0,0,0,0,0,0,0