
TUNNEL_CONT
	DB	8,7,255,0,0,0,0,0,0,0,0,0,0,0,0,0
	DB	0,0,0,0,0,0,0,0,0,0,0,0,0,0,0,0
	DB	0,0,0,0,0,0,0,0,0,0,0,0,0,0,0,0
	DB	0,0,0,0,0,0,0,0,0,0,0,0,0,0,0,0

TUNNEL_TAB_X
	DB	0,16,255,0,0,0,0,0,0,0,0,0,0,0,0,0
	DB	0,0,0,0,0,0,0,0,0,0,0,0,0,0,0,0
	DB	0,0,0,0,0,0,0,0,0,0,0,0,0,0,0,0
	DB	0,0,0,0,0,0,0,0,0,0,0,0,0,0,0,0

TUNNEL_TAB_Y
	DB	71,71,255,0,0,0,0,0,0,0,0,0,0,0,0,0
	DB	0,0,0,0,0,0,0,0,0,0,0,0,0,0,0,0
	DB	0,0,0,0,0,0,0,0,0,0,0,0,0,0,0,0
	DB	0,0,0,0,0,0,0,0,0,0,0,0,0,0,0,0
