
TUNNEL_CONT
	DB	4,1,1,3,4,1,1,3,4,1,1,3,5,5,5,5
	DB	2,2,2,2,2,2,6,6,4,1,1,3,2,5,5,6
	DB	2,2,4,1,7,5,2,2,6,6,4,1,1,3,2,6
	DB	4,1,7,8,7,255,0,0,0,0,0,0,0,0,0,0

TUNNEL_TAB_X
	DB	3,4,8,9,11,12,15,16,18,19,24,25,2,10,17,26
	DB	2,10,17,26,10,17,10,17,11,12,15,16,26,10,17,26
	DB	10,17,27,28,39,26,17,26,17,26,18,19,24,25,2,2
	DB	3,4,9,0,11,255,0,0,0,0,0,0,0,0,0,0

TUNNEL_TAB_Y
	DB	18,18,18,18,18,18,18,18,18,18,18,18,20,20,20,20
	DB	21,21,21,21,27,27,28,28,29,29,29,29,30,31,31,31
	DB	32,32,32,32,32,34,35,35,36,36,37,37,37,37,43,44
	DB	45,45,45,72,72,255,0,0,0,0,0,0,0,0,0,0
