
TUNNEL_CONT
	DB	7,1,3,5,2,2,6,4,1,1,3,5,5,2,2,2
	DB	2,6,6,4,1,1,3,5,5,2,2,2,2,6,6,4
	DB	1,1,3,5,5,2,2,2,6,4,1,8,255,0,0,0
	DB	0,0,0,0,0,0,0,0,0,0,0,0,0,0,0,0

TUNNEL_TAB_X
	DB	28,52,53,54,54,54,54,46,47,52,53,45,54,45,54,45
	DB	54,45,54,46,47,52,53,45,54,45,54,45,54,45,54,46
	DB	47,52,53,45,54,45,54,45,45,46,47,56,255,0,0,0
	DB	0,0,0,0,0,0,0,0,0,0,0,0,0,0,0,0

TUNNEL_TAB_Y
	DB	4,4,4,6,7,20,21,22,22,22,22,24,24,25,25,30
	DB	30,31,31,32,32,32,32,34,34,35,35,62,62,63,63,64
	DB	64,64,64,66,66,67,67,80,81,82,82,82,255,0,0,0
	DB	0,0,0,0,0,0,0,0,0,0,0,0,0,0,0,0
