
TUNNEL_CONT
	DB	7,1,3,5,2,2,6,4,1,1,3,5,5,2,2,2
	DB	6,4,1,1,3,5,5,2,2,2,6,4,1,8,255,0
	DB	0,0,0,0,0,0,0,0,0,0,0,0,0,0,0,0
	DB	0,0,0,0,0,0,0,0,0,0,0,0,0,0,0,0

TUNNEL_TAB_X
	DB	49,52,53,54,54,54,54,47,48,52,53,46,54,46,54,54
	DB	54,49,50,52,53,48,54,48,54,48,48,49,50,56,255,0
	DB	0,0,0,0,0,0,0,0,0,0,0,0,0,0,0,0
	DB	0,0,0,0,0,0,0,0,0,0,0,0,0,0,0,0

TUNNEL_TAB_Y
	DB	11,11,11,13,14,28,29,30,30,30,30,32,32,33,33,58
	DB	59,60,60,60,60,62,62,63,63,68,69,70,70,70,255,0
	DB	0,0,0,0,0,0,0,0,0,0,0,0,0,0,0,0
	DB	0,0,0,0,0,0,0,0,0,0,0,0,0,0,0,0
