
TUNNEL_CONT
	DB	2,6,7,1,3,4,1,1,3,5,5,2,2,2,6,4
	DB	1,1,3,5,2,2,6,4,1,1,3,5,5,2,2,2
	DB	6,4,1,1,3,5,5,2,2,2,6,4,1,8,255,0
	DB	0,0,0,0,0,0,0,0,0,0,0,0,0,0,0,0

TUNNEL_TAB_X
	DB	60,60,49,52,53,55,56,58,59,54,60,54,60,54,54,46
	DB	47,52,53,45,45,45,45,46,47,49,50,45,51,45,51,51
	DB	51,46,47,49,50,45,51,45,51,51,51,52,53,62,255,0
	DB	0,0,0,0,0,0,0,0,0,0,0,0,0,0,0,0

TUNNEL_TAB_Y
	DB	10,11,12,12,12,12,12,12,12,14,14,15,15,21,22,23
	DB	23,23,23,25,26,31,32,33,33,33,33,35,35,36,36,53
	DB	54,55,55,55,55,57,57,58,58,69,70,71,71,71,255,0
	DB	0,0,0,0,0,0,0,0,0,0,0,0,0,0,0,0
