
TUNNEL_CONT
	DB	4,1,8,5,2,2,2,6,6,4,1,1,3,4,1,1
	DB	3,5,5,2,2,2,2,6,6,7,1,3,4,1,1,3
	DB	255,0,0,0,0,0,0,0,0,0,0,0,0,0,0,0
	DB	0,0,0,0,0,0,0,0,0,0,0,0,0,0,0,0

TUNNEL_TAB_X
	DB	116,117,119,115,115,104,115,104,115,105,106,107,108,110,111,113
	DB	114,109,115,109,115,109,115,109,115,101,107,108,110,111,113,114
	DB	255,0,0,0,0,0,0,0,0,0,0,0,0,0,0,0
	DB	0,0,0,0,0,0,0,0,0,0,0,0,0,0,0,0

TUNNEL_TAB_Y
	DB	1,1,1,3,4,23,23,24,24,25,25,25,25,25,25,25
	DB	25,27,27,28,28,33,33,34,34,35,35,35,35,35,35,35
	DB	255,0,0,0,0,0,0,0,0,0,0,0,0,0,0,0
	DB	0,0,0,0,0,0,0,0,0,0,0,0,0,0,0,0
