
TUNNEL_CONT
	DB	7,1,3,4,1,1,3,5,5,2,2,2,2,6,6,4
	DB	1,1,3,5,2,2,6,4,1,1,3,5,2,2,6,4
	DB	1,1,3,5,5,2,2,2,2,6,6,4,1,1,3,5
	DB	2,2,6,4,1,8,255,0,0,0,0,0,0,0,0,0

TUNNEL_TAB_X
	DB	35,50,51,53,54,56,57,52,58,52,58,58,71,58,71,59
	DB	60,69,70,71,52,71,52,53,54,61,62,63,63,63,63,56
	DB	57,61,62,55,63,55,63,55,63,55,63,56,57,61,62,63
	DB	63,63,63,64,65,73,255,0,0,0,0,0,0,0,0,0

TUNNEL_TAB_Y
	DB	3,3,3,3,3,3,3,5,5,6,6,7,7,8,8,9
	DB	9,9,9,11,12,12,13,14,14,14,14,16,17,19,20,21
	DB	21,21,21,23,23,24,24,54,54,55,55,56,56,56,56,58
	DB	59,61,62,63,63,63,255,0,0,0,0,0,0,0,0,0
