
TUNNEL_CONT
	DB	7,8,255,0,0,0,0,0,0,0,0,0,0,0,0,0
	DB	0,0,0,0,0,0,0,0,0,0,0,0,0,0,0,0
	DB	0,0,0,0,0,0,0,0,0,0,0,0,0,0,0,0
	DB	0,0,0,0,0,0,0,0,0,0,0,0,0,0,0,0

TUNNEL_TAB_X
	DB	193,198,255,0,0,0,0,0,0,0,0,0,0,0,0,0
	DB	0,0,0,0,0,0,0,0,0,0,0,0,0,0,0,0
	DB	0,0,0,0,0,0,0,0,0,0,0,0,0,0,0,0
	DB	0,0,0,0,0,0,0,0,0,0,0,0,0,0,0,0

TUNNEL_TAB_Y
	DB	20,20,255,0,0,0,0,0,0,0,0,0,0,0,0,0
	DB	0,0,0,0,0,0,0,0,0,0,0,0,0,0,0,0
	DB	0,0,0,0,0,0,0,0,0,0,0,0,0,0,0,0
	DB	0,0,0,0,0,0,0,0,0,0,0,0,0,0,0,0
